 for ip:=7  start reg was [0, 7, 1, 1, 10551350, 10551350]  - [1, 2, 0, 0] --->       [1, 7, 1, 1, 10551350, 10551350]   NEXT IP:8
 for ip:=7  start reg was [1, 7, 2, 1, 5275675, 10551350]  - [1, 2, 0, 0] --->        [3, 7, 2, 1, 5275675, 10551350]   NEXT IP:8
 for ip:=7  start reg was [3, 7, 5, 1, 2110270, 10551350]  - [1, 2, 0, 0] --->        [8, 7, 5, 1, 2110270, 10551350]   NEXT IP:8
 for ip:=7  start reg was [8, 7, 10, 1, 1055135, 10551350]  - [1, 2, 0, 0] --->      [18, 7, 10, 1, 1055135, 10551350]   NEXT IP:8
 for ip:=7  start reg was [18, 7, 25, 1, 422054, 10551350]  - [1, 2, 0, 0] --->      [43, 7, 25, 1, 422054, 10551350]   NEXT IP:8
 for ip:=7  start reg was [43, 7, 41, 1, 257350, 10551350]  - [1, 2, 0, 0] --->      [84, 7, 41, 1, 257350, 10551350]   NEXT IP:8
 for ip:=7  start reg was [84, 7, 50, 1, 211027, 10551350]  - [1, 2, 0, 0] --->     [134, 7, 50, 1, 211027, 10551350]   NEXT IP:8
                                                                                             82
                                                                                             205
                                                                                             410
                                                                                             1025
                                                                                             2050
                                                                                             5147
                                                                                             10294
                                                                                             25735
                                                                                             51470
                                                                                             128675
                                                                                             211027
                                                                                             257350
                                                                                             422054
                                                                                             1055135
                                                                                             2110270
                                                                                             5275675
                                                                                             10551350


 1	        1
 2	        3
 5	        8
 10	        18
 25	        43
 41	        84
 50	        134
 82	        216
 205	    421
 410	    831
 1025	    1856
 2050	    3906
 5147	    9053
 10294	    19347
 25735	    45082
 51470	    96552
 128675	    225227
 211027	    436254
 257350	    693604
 422054	    1115658
 1055135	2170793
 2110270	4281063
 5275675	9556738
 10551350	20108088

 20108088
